39 23
39 25
39 25
39 29
41 25
41 25
41 24
41 24
54 16
65 13
41 12
55 17
62 15
41 16
43 7
43 7
43 7
38 24
38 24
37 23
38 24
39 24
39 25
39 24
39 34
39 24
38 23
39 21
40 24
39 24
38 24
38 24
39 24
39 24
39 24
41 24
39 25
39 25
39 25
39 24
38 24
38 24
38 24
39 25
39 25
39 25
40 23
40 25
40 19
40 23
40 23
40 23
40 23
40 23
40 23
40 23
40 23
40 24
39 24
39 24
39 24
39 24
39 24
39 25
39 25
39 25
39 24
39 23
40 24
39 23
38 21
38 21
38 22
38 22
38 22
38 22
38 22
38 22
35 23
35 20
35 26
38 21
37 22
37 23
38 24
38 24
38 25
39 26
39 25
39 35
39 24
39 23
40 21
40 21
39 20
39 19
43 7
40 24
39 23
39 23
39 23
39 44
40 23
40 23
39 23
38 24
39 25
39 26
39 31
41 25
40 24
40 23
40 24
39 25
35 24
35 25
34 26
34 22
34 24
34 23
37 25
38 24
38 25
43 7
43 7
37 26
40 24
37 24
39 25
39 26
43 7
